paths<-c("M:/MSGC_DATA/Deboullie/Imagery/100332_Deboullie_Push_flight_2020_07_21_15_19_27/Orthos"
,"M:/MSGC_DATA/Deboullie/Imagery/100336_Deboullie_Push2_flight_2020_07_21_15_43_52/Orthos"
,"M:/MSGC_DATA/Deboullie/Imagery/100349_DEB2_07222020_flight_2020_07_22_17_06_23/Orthos"
,"M:/MSGC_DATA/Howland/Imagery/100003_Howland_plot_1a_110m_2019_07_01_16_48_13/Orthos"
,"M:/MSGC_DATA/Howland/Imagery/100006_Howland_plot_1b_110m_2019_07_01_18_04_21/Orthos"
,"M:/MSGC_DATA/Howland/Imagery/100009_Howland_plot_2_110m_2019_07_05_16_02_27/Orthos"
,"M:/MSGC_DATA/Howland/Imagery/100012_Howland_plot_3a_110m_2019_07_05_17_00_47/Orthos"
,"M:/MSGC_DATA/Howland/Imagery/100015_Howland_plot_3b_110m_2019_07_05_17_40_21/Orthos"
,"M:/MSGC_DATA/Howland/Imagery/100021_Howland_plot_4b_110m_2019_07_04_15_28_02/Orthos"
,"M:/MSGC_DATA/Howland/Imagery/100025_Howland_plot_4c_110m_2019_07_05_15_07_28/Orthos"
,"M:/MSGC_DATA/Howland/Imagery/100028_Howland_plot_5a_90m_2019_07_07_14_24_01/Orthos"
,"M:/MSGC_DATA/Howland/Imagery/100031_Howland_plot_5b_90m_2019_07_07_15_11_55/Orthos"
,"M:/MSGC_DATA/Howland/Imagery/100034_Howland_plot_6a_110m_2019_07_07_16_36_57/Orthos"
,"M:/MSGC_DATA/Howland/Imagery/100037_Howland_plot_6b_110m_2019_07_07_17_31_21/Orthos"
,"M:/MSGC_DATA/Howland/Imagery/100040_Howland_plot_7a_110m_2019_07_09_15_34_47/Orthos"
,"M:/MSGC_DATA/Howland/Imagery/100043_Howland_plot_7b_110m_2019_07_09_16_35_19/Orthos"
,"M:/MSGC_DATA/Howland/Imagery/100312_Flux_Tower_Flight_2020_07_02_15_26_02/Orthos"
,"M:/MSGC_DATA/Howland/Imagery/100316_Flux2_Tower_Flight_2020_07_02_16_41_26/Orthos"
,"M:/MSGC_DATA/Howland/Imagery/100322_Flux3_Tower_Flight_2020_07_02_17_35_01/Orthos"
,"M:/MSGC_DATA/Neil_AshSites/100352_NelsonAsh1_flight_2020_07_24_14_54_58/Orthos"
,"M:/MSGC_DATA/Neil_AshSites/100354_NelsonAsh1_flight2_2020_07_24_15_17_18/Orthos"
,"M:/MSGC_DATA/Neil_AshSites/100356_NelsonAsh1_flight3_2020_07_24_15_31_28/Orthos"
,"M:/MSGC_DATA/PEF-Demerit/Imagery/100032_PEF_SM_1a_90m_2019_07_08_15_47_08/ortho"
,"M:/MSGC_DATA/PEF-Demerit/Imagery/100035_PEF_SM_1b_90m_2019_07_08_15_01_48/Ortho"
,"M:/MSGC_DATA/PEF-Demerit/Imagery/100038_PEF_SM_4_110m_2019_06_18_15_16_13/ortho"
,"M:/MSGC_DATA/PEF-Demerit/Imagery/100041_PEF_SM_5_110m_2019_06_18_16_03_33/Orthos"
,"M:/MSGC_DATA/PEF-Demerit/Imagery/100044_PEF_SM_11b_110m_2019_06_15_15_26_52/Orthos"
,"M:/MSGC_DATA/PEF-Demerit/Imagery/100047_PEF_SM_12a_110m_2019_06_16_15_25_41/Orthos"
,"M:/MSGC_DATA/PEF-Demerit/Imagery/100050_PEF_SM_12b_110m_2019_06_16_16_20_44/Orthos"
,"M:/MSGC_DATA/PEF-Demerit/Imagery/100053_PEF_SM_22a_110m_2019_06_19_15_02_30_Orthos"
,"M:/MSGC_DATA/PEF-Demerit/Imagery/100059_PEF_SM_23_110m_2019_06_19_16_08_54/Orthos"
,"M:/MSGC_DATA/PEF-Demerit/Imagery/100062_PEF_SM_2a_95m_2019_06_17_17_37_19/Orthos"
,"M:/MSGC_DATA/PEF-Demerit/Imagery/100064_PEF_SM_24a_110m_2019_07_15_14_58_41/Orthos"
,"M:/MSGC_DATA/PEF-Demerit/Imagery/100065_PEF_SM_24b_110m_2019_07_15_15_54_05/Orthos"
,"M:/MSGC_DATA/PEF-Demerit/Imagery/100066_PEF_SM_24c_110m_2019_07_15_16_51_28/Orthos"
,"M:/MSGC_DATA/PEF-Demerit/Imagery/100069_PEF_SM_25a_110m_2019_07_16_15_19_55/Orthos"
,"M:/MSGC_DATA/PEF-Demerit/Imagery/100072_PEF_SM_25b_110m_2019_07_16_16_01_49/Orthos"
,"M:/MSGC_DATA/PEF-Demerit/Imagery/100075_PEF_SM_25c_110m_2019_07_16_16_49_50/Orthos"
,"M:/MSGC_DATA/PEF-Demerit/Imagery/100080_PEF_SM_26a_100m_2019_07_24_15_07_04/Orthos"
,"M:/MSGC_DATA/PEF-Demerit/Imagery/100082_PEF_SM_26b_100m_2019_07_24_16_00_44/Orthos"
,"M:/MSGC_DATA/PEF-Demerit/Imagery/100093_PEF_SM_26C_100m_2019_07_24_17_39_09/Orthos"
,"M:/MSGC_DATA/PEF-Demerit/Imagery/100299_PEF_SM_1_flight_2020_06_27_16_19_38/Orthos"
,"M:/MSGC_DATA/PEF-Demerit/Imagery/100306_PEF_SM_1d_flight_2020_06_28_15_12_04/Orthos"
,"M:/MSGC_DATA/PEF-Demerit/Imagery/100307_PEF_SM_1e_flight_2020_06_28_15_35_57/Orthos"
,"M:/MSGC_DATA/PEF-Demerit/Imagery/100359_PEF_SMa_flight_2020_07_28_14_30_54/Orthos"
,"M:/MSGC_DATA/PEF-Demerit/Imagery/100360_PEF_SMb_flight_2020_07_28_14_57_57/Orthos"
,"M:/MSGC_DATA/PEF-Demerit/Imagery/100362_PEF_SMb_flight_2020_07_28_15_18_58/Orthos")

all_files<-unlist(lapply(1:length(paths), function(x){paste(paths[x],list.files(paths[x]), sep="/")}))
write.csv(all_files, "Outputs/INSPIRES_submission.csv")
